-3.500000000000000000e+00 0.000000000000000000e+00
-3.250000000000000000e+00 0.000000000000000000e+00
-3.000000000000000000e+00 0.000000000000000000e+00
-2.750000000000000000e+00 0.000000000000000000e+00
-2.500000000000000000e+00 0.000000000000000000e+00
-2.250000000000000000e+00 0.000000000000000000e+00
-2.000000000000000000e+00 0.000000000000000000e+00
-1.750000000000000000e+00 0.000000000000000000e+00
-1.500000000000000000e+00 0.000000000000000000e+00
-1.250000000000000000e+00 0.000000000000000000e+00
-1.000000000000000000e+00 4.481002714589368862e-09
-7.500000000000000000e-01 4.458298372788969443e-06
-5.000000000000000000e-01 4.136841202900643595e-04
-2.500000000000000000e-01 4.779479190750501871e-03
0.000000000000000000e+00 2.168845951857068313e-02
2.500000000000000000e-01 5.802188949565987436e-02
5.000000000000000000e-01 1.069101746418169158e-01
7.500000000000000000e-01 1.577888107360432834e-01
1.000000000000000000e+00 2.062037294907850260e-01
1.250000000000000000e+00 2.532243731337738835e-01
1.500000000000000000e+00 2.958460070153505761e-01
1.750000000000000000e+00 3.326333439029559580e-01
2.000000000000000000e+00 3.659694425238109172e-01
2.250000000000000000e+00 3.946671133575430090e-01
2.500000000000000000e+00 4.194354911950198272e-01
2.750000000000000000e+00 4.383454262777287669e-01
3.000000000000000000e+00 4.509822891801463784e-01
3.250000000000000000e+00 4.567966853059097776e-01
3.500000000000000000e+00 4.570406957043987028e-01
3.750000000000000000e+00 4.521377233557561937e-01
4.000000000000000000e+00 4.414123372111187216e-01
4.250000000000000000e+00 4.279627514296958091e-01
4.500000000000000000e+00 4.053686966497188071e-01
4.750000000000000000e+00 3.799601533435226774e-01
5.000000000000000000e+00 3.299234944809120162e-01
5.250000000000000000e+00 2.609227371912189453e-01
5.500000000000000000e+00 2.266864680386808384e-01
5.750000000000000000e+00 2.189697302013490776e-01
6.000000000000000000e+00 2.223170893309542040e-01
6.250000000000000000e+00 2.284220675661733368e-01
6.500000000000000000e+00 2.339905269811117239e-01
6.750000000000000000e+00 2.364831245327139730e-01
7.000000000000000000e+00 2.372868251800922257e-01
7.250000000000000000e+00 2.355655447208063191e-01
7.500000000000000000e+00 2.314379737315195584e-01
7.750000000000000000e+00 2.254906233577691765e-01
8.000000000000000000e+00 2.199282774610057112e-01
8.250000000000000000e+00 2.147582901077860207e-01
8.500000000000000000e+00 2.093274041072774316e-01
8.750000000000000000e+00 2.073475650857496966e-01
9.000000000000000000e+00 2.081581660010928259e-01
9.250000000000000000e+00 2.080832376460684252e-01
9.500000000000000000e+00 2.093192137979480727e-01
9.750000000000000000e+00 2.110896442511756288e-01
1.000000000000000000e+01 2.117234564312553968e-01
1.025000000000000000e+01 2.105168436543945754e-01
1.050000000000000000e+01 2.079859872108871244e-01
1.075000000000000000e+01 2.058802658582785383e-01
1.100000000000000000e+01 2.043217296312685449e-01
1.125000000000000000e+01 2.024943398241327852e-01
1.150000000000000000e+01 1.999920156155945983e-01
1.175000000000000000e+01 1.998801113717391942e-01
1.200000000000000000e+01 2.004339150756415666e-01
1.225000000000000000e+01 2.008076736191044542e-01
1.250000000000000000e+01 1.994464219222586432e-01
1.275000000000000000e+01 1.985162969695873636e-01
1.300000000000000000e+01 1.979756129629745010e-01
1.325000000000000000e+01 1.977535288343043318e-01
1.350000000000000000e+01 1.981938034945661120e-01
1.375000000000000000e+01 1.998264185156103101e-01
1.400000000000000000e+01 1.994189558864479794e-01
1.425000000000000000e+01 1.979217333515455313e-01
1.450000000000000000e+01 1.974503208904119511e-01
1.475000000000000000e+01 1.975451118426788388e-01
1.500000000000000000e+01 1.974566100463643059e-01
1.525000000000000000e+01 1.975668329576134308e-01
1.550000000000000000e+01 1.981826863271513306e-01
1.575000000000000000e+01 1.975679144074574400e-01
1.600000000000000000e+01 1.967279621750745167e-01
1.625000000000000000e+01 1.953551590485345935e-01
1.650000000000000000e+01 1.952305501636012464e-01
1.675000000000000000e+01 1.974673801814373908e-01
1.700000000000000000e+01 1.996195530044883037e-01
1.725000000000000000e+01 2.024773103553712816e-01
1.750000000000000000e+01 2.055868889099145835e-01
1.775000000000000000e+01 2.065787558921829137e-01
1.800000000000000000e+01 2.067892592538537466e-01
1.825000000000000000e+01 2.066213334597621076e-01
1.850000000000000000e+01 2.062294879762944511e-01
1.875000000000000000e+01 2.052269472065541001e-01
1.900000000000000000e+01 2.067386974887381601e-01
1.925000000000000000e+01 2.071426919095496755e-01
1.950000000000000000e+01 2.061881184669707157e-01
1.975000000000000000e+01 2.044388625855737551e-01
2.000000000000000000e+01 2.023955190709854912e-01
2.025000000000000000e+01 1.996629519552460819e-01
2.050000000000000000e+01 1.967403600243145256e-01
2.075000000000000000e+01 1.952018865320444552e-01
2.100000000000000000e+01 1.935094620128512410e-01
2.125000000000000000e+01 1.913834853261135172e-01
2.150000000000000000e+01 1.871298756766352489e-01
2.175000000000000000e+01 1.821748390257504624e-01
2.200000000000000000e+01 1.768240350475337730e-01
2.225000000000000000e+01 1.698989593153761302e-01
2.250000000000000000e+01 1.627883229153534173e-01
2.275000000000000000e+01 1.556130927172744149e-01
2.300000000000000000e+01 1.480331062962097211e-01
2.325000000000000000e+01 1.390288720857896232e-01
2.350000000000000000e+01 1.294617635498958308e-01
2.375000000000000000e+01 1.202818035352894721e-01
2.400000000000000000e+01 1.120808772060859493e-01
2.425000000000000000e+01 1.042899336608289068e-01
2.450000000000000000e+01 9.662042947067740750e-02
2.475000000000000000e+01 8.917763541267174909e-02
2.500000000000000000e+01 8.192919845131327317e-02
2.525000000000000000e+01 7.465266068032207214e-02
2.550000000000000000e+01 6.721711084863005170e-02
2.575000000000000000e+01 5.988040465961379233e-02
2.600000000000000000e+01 5.307841039055205545e-02
2.625000000000000000e+01 4.691907959026590108e-02
2.650000000000000000e+01 4.145402284441943030e-02
2.675000000000000000e+01 3.631503276431593402e-02
2.700000000000000000e+01 3.142590443894507229e-02
2.725000000000000000e+01 2.699086298245050031e-02
2.750000000000000000e+01 2.307671040573680207e-02
2.775000000000000000e+01 1.963704125665694314e-02
2.800000000000000000e+01 1.658942085095110180e-02
2.825000000000000000e+01 1.396648244182407093e-02
2.850000000000000000e+01 1.166548479093149418e-02
2.875000000000000000e+01 9.593419844283055525e-03
2.900000000000000000e+01 7.776327166072737572e-03
2.925000000000000000e+01 6.228049910886822825e-03
2.950000000000000000e+01 4.923417196837052111e-03
2.975000000000000000e+01 3.914116687081783431e-03
3.000000000000000000e+01 3.111913573440222829e-03
3.025000000000000000e+01 2.411705254644284924e-03
3.050000000000000000e+01 1.819634820932293376e-03
